#Layer_Color=16711935
#
#Feature symbol names
#
$0 r3.937

#
#Feature attribute names
#

#
#Layer features
#
A 1.9565355 3.5900787 1.9565355 3.5900787 1.9368505 3.5900787 0 P 0 N
A 2.3505119 1.9015747 2.3505119 1.9015747 2.3308269 1.9015747 0 P 0 N
A 3.6761023 1.4962599 3.6761023 1.4962599 3.6564173 1.4962599 0 P 0 N
A 3.9733464 0.4610236 3.9733464 0.4610236 3.9536614 0.4610236 0 P 0 N
A 4.0560236 0.7889764 4.0560236 0.7889764 4.0363386 0.7889764 0 P 0 N
A 4.5713779 1.7364173 4.5713779 1.7364173 4.5516929 1.7364173 0 P 0 N
A 4.6483464 0.4610236 4.6483464 0.4610236 4.6286614 0.4610236 0 P 0 N
A 4.6738345 2.6429213 4.6738345 2.6429213 4.6541495 2.6429213 0 P 0 N
A 5.2007086 0.7413386 5.2007086 0.7413386 5.1810236 0.7413386 0 P 0 N
A 5.4407086 1.2913386 5.4407086 1.2913386 5.4210236 1.2913386 0 P 0 N
A 5.480433 2.6344488 5.480433 2.6344488 5.460748 2.6344488 0 P 0 N
A 5.4827952 1.7344488 5.4827952 1.7344488 5.4631102 1.7344488 0 P 0 N
A 5.4827952 2.1844488 5.4827952 2.1844488 5.4631102 2.1844488 0 P 0 N
A 5.4827952 3.0844488 5.4827952 3.0844488 5.4631102 3.0844488 0 P 0 N
L 1.9014174 3.3144882 1.9014174 3.6255118 0 P 0
L 1.9014174 3.3144882 2.0785828 3.3144882 0 P 0
L 1.9014174 3.6255118 2.0785828 3.6255118 0 P 0
L 2.0785828 3.3144882 2.0785828 3.6255118 0 P 0
L 2.2953938 1.2244094 2.2953938 1.9370078 0 P 0
L 2.2953938 1.2244094 2.5946064 1.2244094 0 P 0
L 2.2953938 1.9370078 2.5946064 1.9370078 0 P 0
L 2.4881103 0.2929921 2.4881103 0.4386614 0 P 0
L 2.4881103 0.2929921 2.7518898 0.2929921 0 P 0
L 2.4881103 0.4386614 2.7518898 0.4386614 0 P 0
L 2.5946064 1.2244094 2.5946064 1.9370078 0 P 0
L 2.7518898 0.2929921 2.7518898 0.4386614 0 P 0
L 3.2471654 0.5881103 3.2471654 0.8518898 0 P 0
L 3.2471654 0.5881103 3.3928347 0.5881103 0 P 0
L 3.2471654 0.8518898 3.3928347 0.8518898 0 P 0
L 3.2981496 1.4608268 3.2981496 1.8545276 0 P 0
L 3.2981496 1.4608268 3.6918504 1.4608268 0 P 0
L 3.2981496 1.8545276 3.6918504 1.8545276 0 P 0
L 3.342441 0.2159449 3.342441 0.3340551 0 P 0
L 3.342441 0.2159449 3.3975591 0.2159449 0 P 0
L 3.342441 0.3340551 3.3975591 0.3340551 0 P 0
L 3.3928347 0.5881103 3.3928347 0.8518898 0 P 0
L 3.3975591 0.2159449 3.3975591 0.3340551 0 P 0
L 3.6918504 1.4608268 3.6918504 1.8545276 0 P 0
L 3.9182283 0.3035433 3.9182283 0.4964567 0 P 0
L 3.9182283 0.3035433 4.0717716 0.3035433 0 P 0
L 3.9182283 0.4964567 4.0717716 0.4964567 0 P 0
L 3.9182284 0.7535433 3.9182284 0.9464567 0 P 0
L 3.9182284 0.7535433 4.0717717 0.7535433 0 P 0
L 3.9182284 0.9464567 4.0717717 0.9464567 0 P 0
L 4.0671654 2.0081102 4.0671654 2.2718897 0 P 0
L 4.0671654 2.0081102 4.2128347 2.0081102 0 P 0
L 4.0671654 2.2718897 4.2128347 2.2718897 0 P 0
L 4.0717716 0.3035433 4.0717716 0.4964567 0 P 0
L 4.0717717 0.7535433 4.0717717 0.9464567 0 P 0
L 4.2128347 2.0081102 4.2128347 2.2718897 0 P 0
L 4.4766535 3.3338583 4.4766535 3.5661417 0 P 0
L 4.4766535 3.3338583 4.6833465 3.3338583 0 P 0
L 4.4766535 3.5661417 4.6833465 3.5661417 0 P 0
L 4.5124172 2.6074882 4.5124172 2.9185118 0 P 0
L 4.5124172 2.6074882 4.6895826 2.6074882 0 P 0
L 4.5124172 2.9185118 4.6895826 2.9185118 0 P 0
L 4.5162598 1.3781496 4.5162598 1.7718504 0 P 0
L 4.5162598 1.3781496 4.6737401 1.3781496 0 P 0
L 4.5162598 1.7718504 4.6737401 1.7718504 0 P 0
L 4.5932283 0.3035433 4.5932283 0.4964567 0 P 0
L 4.5932283 0.3035433 4.7467716 0.3035433 0 P 0
L 4.5932283 0.4964567 4.7467716 0.4964567 0 P 0
L 4.6737401 1.3781496 4.6737401 1.7718504 0 P 0
L 4.6833465 3.3338583 4.6833465 3.5661417 0 P 0
L 4.6895826 2.6074882 4.6895826 2.9185118 0 P 0
L 4.7467716 0.3035433 4.7467716 0.4964567 0 P 0
L 4.8166535 3.5338583 4.8166535 3.7661417 0 P 0
L 4.8166535 3.5338583 5.0233465 3.5338583 0 P 0
L 4.8166535 3.7661417 5.0233465 3.7661417 0 P 0
L 5.0233465 3.5338583 5.0233465 3.7661417 0 P 0
L 5.0235433 0.6232284 5.0235433 0.7767717 0 P 0
L 5.0235433 0.6232284 5.2164567 0.6232284 0 P 0
L 5.0235433 0.7767717 5.2164567 0.7767717 0 P 0
L 5.2164567 0.6232284 5.2164567 0.7767717 0 P 0
L 5.2635433 1.1732284 5.2635433 1.3267717 0 P 0
L 5.2635433 1.1732284 5.4564567 1.1732284 0 P 0
L 5.2635433 1.3267717 5.4564567 1.3267717 0 P 0
L 5.3390945 2.5990157 5.3390945 3.0009843 0 P 0
L 5.3390945 2.5990157 5.4961811 2.5990157 0 P 0
L 5.3390945 3.0009843 5.4961811 3.0009843 0 P 0
L 5.3414567 1.6990157 5.3414567 2.1009843 0 P 0
L 5.3414567 1.6990157 5.4985433 1.6990157 0 P 0
L 5.3414567 2.1009843 5.4985433 2.1009843 0 P 0
L 5.3414567 2.1490157 5.3414567 2.5509843 0 P 0
L 5.3414567 2.1490157 5.4985433 2.1490157 0 P 0
L 5.3414567 2.5509843 5.4985433 2.5509843 0 P 0
L 5.3414567 3.0490157 5.3414567 3.4509843 0 P 0
L 5.3414567 3.0490157 5.4985433 3.0490157 0 P 0
L 5.3414567 3.4509843 5.4985433 3.4509843 0 P 0
L 5.4564567 1.1732284 5.4564567 1.3267717 0 P 0
L 5.4961811 2.5990157 5.4961811 3.0009843 0 P 0
L 5.4985433 1.6990157 5.4985433 2.1009843 0 P 0
L 5.4985433 2.1490157 5.4985433 2.5509843 0 P 0
L 5.4985433 3.0490157 5.4985433 3.4509843 0 P 0
