#Layer_Color=32768
#
#Feature symbol names
#
$0 r3.937
$1 r8
$2 r1.9685

#
#Feature attribute names
#

#
#Layer features
#
L 2.2107481 1.2145669 2.2107481 1.9468503 2 P 0
L 2.2107481 1.2145669 2.679252 1.2145669 2 P 0
L 2.2107481 1.9468503 2.679252 1.9468503 2 P 0
L 2.425315 1.5807086 2.4646851 1.5807086 0 P 0
L 2.4450001 1.5610236 2.4450001 1.6003936 0 P 0
L 2.4782677 0.1945669 2.4782677 0.5370866 0 P 0
L 2.4782677 0.1945669 2.7617323 0.1945669 0 P 0
L 2.4782677 0.5370866 2.7617323 0.5370866 0 P 0
L 2.4818898 0.680315 2.4818898 0.719685 1 P 0
L 2.600315 0.3658268 2.6396851 0.3658268 0 P 0
L 2.62 0.3461417 2.62 0.3855118 0 P 0
L 2.679252 1.2145669 2.679252 1.9468503 2 P 0
L 2.7377952 0.7 2.7771653 0.7 1 P 0
L 2.7574803 0.680315 2.7574803 0.719685 1 P 0
L 2.7617323 0.1945669 2.7617323 0.5370866 0 P 0
L 3.075315 1.1818898 3.114685 1.1818898 1 P 0
L 3.075315 1.4574803 3.114685 1.4574803 1 P 0
L 3.095 1.4377952 3.095 1.4771653 1 P 0
L 3.1487402 0.5782677 3.1487402 0.8617323 0 P 0
L 3.1487402 0.5782677 3.4912599 0.5782677 0 P 0
L 3.1487402 0.8617323 3.4912599 0.8617323 0 P 0
L 3.2056299 1.3683071 3.2056299 1.9470473 0 P 0
L 3.2056299 1.3683071 3.7843701 1.3683071 0 P 0
L 3.2056299 1.9470473 3.7843701 1.9470473 0 P 0
L 3.2755119 0.1962599 3.2755119 0.3537402 0 P 0
L 3.2755119 0.1962599 3.4644882 0.1962599 0 P 0
L 3.2755119 0.3537402 3.4644882 0.3537402 0 P 0
L 3.300315 0.72 3.3396851 0.72 0 P 0
L 3.32 0.700315 3.32 0.7396851 0 P 0
L 3.3268898 1.005315 3.3268898 1.044685 1 P 0
L 3.350315 0.275 3.3896851 0.275 0 P 0
L 3.37 0.255315 3.37 0.2946851 0 P 0
L 3.4644882 0.1962599 3.4644882 0.3537402 0 P 0
L 3.475315 1.6576772 3.5146851 1.6576772 0 P 0
L 3.4912599 0.5782677 3.4912599 0.8617323 0 P 0
L 3.495 1.6379921 3.495 1.6773622 0 P 0
L 3.520315 0.6925197 3.559685 0.6925197 1 P 0
L 3.520315 0.9681102 3.559685 0.9681102 1 P 0
L 3.54 0.6728347 3.54 0.7122048 1 P 0
L 3.5827952 1.025 3.6221653 1.025 1 P 0
L 3.6024803 1.005315 3.6024803 1.044685 1 P 0
L 3.7843701 1.3683071 3.7843701 1.9470473 0 P 0
L 3.8473622 0.2917323 3.8473622 0.5082677 0 P 0
L 3.8473622 0.2917323 4.1426378 0.2917323 0 P 0
L 3.8473622 0.5082677 4.1426378 0.5082677 0 P 0
L 3.8473622 0.7417323 3.8473622 0.9582677 0 P 0
L 3.8473622 0.7417323 4.1426378 0.7417323 0 P 0
L 3.8473622 0.9582677 4.1426378 0.9582677 0 P 0
L 3.9128347 1.94 3.9522048 1.94 1 P 0
L 3.9325197 1.920315 3.9325197 1.959685 1 P 0
L 3.9753149 0.4 4.014685 0.4 0 P 0
L 3.975315 0.85 4.0146851 0.85 0 P 0
L 3.995 0.380315 3.995 0.419685 0 P 0
L 3.995 0.830315 3.995 0.869685 0 P 0
L 4.0818898 2.310315 4.0818898 2.349685 1 P 0
L 4.1426378 0.2917323 4.1426378 0.5082677 0 P 0
L 4.1426378 0.7417323 4.1426378 0.9582677 0 P 0
L 4.2081102 1.920315 4.2081102 1.959685 1 P 0
L 4.3377952 2.33 4.3771653 2.33 1 P 0
L 4.3574803 2.310315 4.3574803 2.349685 1 P 0
L 4.4473622 1.3683071 4.4473622 1.7816929 0 P 0
L 4.4473622 1.3683071 4.7426378 1.3683071 0 P 0
L 4.4473622 1.7816929 4.7426378 1.7816929 0 P 0
L 4.4737008 3.3200787 4.4737008 3.5799213 0 P 0
L 4.4737008 3.3200787 4.6862992 3.3200787 0 P 0
L 4.4737008 3.5799213 4.6862992 3.5799213 0 P 0
L 4.5223622 0.2917323 4.5223622 0.5082677 0 P 0
L 4.5223622 0.2917323 4.8176378 0.2917323 0 P 0
L 4.5223622 0.5082677 4.8176378 0.5082677 0 P 0
L 4.560315 3.45 4.599685 3.45 0 P 0
L 4.5753149 1.575 4.614685 1.575 0 P 0
L 4.58 3.430315 4.58 3.469685 0 P 0
L 4.595 1.555315 4.595 1.594685 0 P 0
L 4.6503149 0.4 4.689685 0.4 0 P 0
L 4.67 0.380315 4.67 0.419685 0 P 0
L 4.6862992 3.3200787 4.6862992 3.5799213 0 P 0
L 4.7426378 1.3683071 4.7426378 1.7816929 0 P 0
L 4.8137008 3.5200787 4.8137008 3.7799213 0 P 0
L 4.8137008 3.5200787 5.0262992 3.5200787 0 P 0
L 4.8137008 3.7799213 5.0262992 3.7799213 0 P 0
L 4.8176378 0.2917323 4.8176378 0.5082677 0 P 0
L 4.900315 3.65 4.939685 3.65 0 P 0
L 4.92 3.630315 4.92 3.669685 0 P 0
L 5.0117323 0.5523622 5.0117323 0.8476378 0 P 0
L 5.0117323 0.5523622 5.2282677 0.5523622 0 P 0
L 5.0117323 0.8476378 5.2282677 0.8476378 0 P 0
L 5.0262992 3.5200787 5.0262992 3.7799213 0 P 0
L 5.100315 0.7 5.139685 0.7 0 P 0
L 5.12 0.680315 5.12 0.7196851 0 P 0
L 5.2282677 0.5523622 5.2282677 0.8476378 0 P 0
L 5.2517323 1.1023622 5.2517323 1.3976378 0 P 0
L 5.2517323 1.1023622 5.4682677 1.1023622 0 P 0
L 5.2517323 1.3976378 5.4682677 1.3976378 0 P 0
L 5.340315 1.25 5.379685 1.25 0 P 0
L 5.36 1.230315 5.36 1.2696851 0 P 0
L 5.4428347 0.7 5.4822048 0.7 1 P 0
L 5.4625197 0.680315 5.4625197 0.719685 1 P 0
L 5.4682677 1.1023622 5.4682677 1.3976378 0 P 0
L 5.7381102 0.680315 5.7381102 0.719685 1 P 0
